# Created by Octave 7.2.0, Mon May 15 16:27:46 2023 GMT <unknown@DESKTOP-93GPP06>
# name: T
# type: matrix
# rows: 400
# columns: 1
 1
 1
 1
 1
 1
 1
 1
 1
 1
 1
 1
 1
 1
 1
 1
 1
 1
 1
 1
 1
 1
 1
 1
 1
 1
 1
 1
 1
 1
 1
 1
 1
 1
 1
 1
 1
 1
 1
 1
 1
 1
 1
 1
 1
 1
 1
 1
 1
 1
 1
 1
 1
 1
 1
 1
 1
 1
 1
 1
 1
 1
 1
 1
 1
 1
 1
 1
 1
 1
 1
 1
 1
 1
 1
 1
 1
 1
 1
 1
 1
 1
 1
 1
 1
 1
 1
 1
 1
 1
 1
 1
 1
 1
 1
 1
 1
 1
 1
 1
 1
 1
 1
 1
 1
 1
 1
 1
 1
 1
 1
 1
 1
 1
 1
 1
 1
 1
 1
 1
 1
 1
 1
 1
 1
 1
 1
 1
 1
 1
 1
 1
 1
 1
 1
 1
 1
 1
 1
 1
 1
 1
 1
 1
 1
 1
 1
 1
 1
 1
 1
 1
 1
 1
 1
 1
 1
 1
 1
 1
 1
 1
 1
 1
 1
 1
 1
 1
 1
 1
 1
 1
 1
 1
 1
 1
 1
 1
 1
 1
 1
 1
 1
 1
 1
 1
 1
 1
 1
 1
 1
 1
 1
 1
 1
 1
 1
 1
 1
 1
 1
 -1
 -1
 -1
 -1
 -1
 -1
 -1
 -1
 -1
 -1
 -1
 -1
 -1
 -1
 -1
 -1
 -1
 -1
 -1
 -1
 -1
 -1
 -1
 -1
 -1
 -1
 -1
 -1
 -1
 -1
 -1
 -1
 -1
 -1
 -1
 -1
 -1
 -1
 -1
 -1
 -1
 -1
 -1
 -1
 -1
 -1
 -1
 -1
 -1
 -1
 -1
 -1
 -1
 -1
 -1
 -1
 -1
 -1
 -1
 -1
 -1
 -1
 -1
 -1
 -1
 -1
 -1
 -1
 -1
 -1
 -1
 -1
 -1
 -1
 -1
 -1
 -1
 -1
 -1
 -1
 -1
 -1
 -1
 -1
 -1
 -1
 -1
 -1
 -1
 -1
 -1
 -1
 -1
 -1
 -1
 -1
 -1
 -1
 -1
 -1
 -1
 -1
 -1
 -1
 -1
 -1
 -1
 -1
 -1
 -1
 -1
 -1
 -1
 -1
 -1
 -1
 -1
 -1
 -1
 -1
 -1
 -1
 -1
 -1
 -1
 -1
 -1
 -1
 -1
 -1
 -1
 -1
 -1
 -1
 -1
 -1
 -1
 -1
 -1
 -1
 -1
 -1
 -1
 -1
 -1
 -1
 -1
 -1
 -1
 -1
 -1
 -1
 -1
 -1
 -1
 -1
 -1
 -1
 -1
 -1
 -1
 -1
 -1
 -1
 -1
 -1
 -1
 -1
 -1
 -1
 -1
 -1
 -1
 -1
 -1
 -1
 -1
 -1
 -1
 -1
 -1
 -1
 -1
 -1
 -1
 -1
 -1
 -1
 -1
 -1
 -1
 -1
 -1
 -1
 -1
 -1
 -1
 -1
 -1
 -1


# name: X
# type: matrix
# rows: 400
# columns: 2
 0.8070097147423152 0.2195882045984586
 -0.11967524382476664 0.34321715108296819
 1.0628963509417884 -0.5577055970245407
 -0.4679087294437107 -0.57143906719905069
 -2.9272897897914598 -1.0741837682008757
 -1.0851310058188501 1.0970339246580285
 0.79571518495629823 0.093930288827672917
 0.20781778403383369 0.45321696160044
 1.8707023636485611 1.0348327549161276
 0.34652481147727171 -1.1560330064473667
 -1.7931118335067966 -1.1347689104729386
 2.4826770413324222 -0.17626956304751565
 1.0729534851382929 0.69061747084969405
 -1.4599476156707187 -0.86892524129908877
 0.2209992353060681 -0.75154126880157246
 -0.04451654470887368 0.53417784589172412
 -0.75776390107356184 0.31429429529651004
 -1.8136507657770504 0.55711671855899902
 -0.94691787935460003 0.69253282040448827
 0.27456158295460154 1.044525259277242
 -0.55590724281707082 -1.7367397045022639
 -0.85713754625848348 0.14467967966255804
 0.049140474991200236 0.36828271336765528
 2.6057652742771671 -1.7013958407782943
 0.24563508760747454 0.093210165315987109
 0.76933339268459944 1.0674413487560617
 -0.54138174759352264 -1.5208133578841907
 -1.5574113617239622 0.04226120054162745
 -1.1270862239752999 -0.57605683752714754
 0.54228699523803403 0.70695476896876464
 0.048173884277367289 -1.1223062848852041
 -0.047135156129835772 -1.1305368002258822
 0.86092491465529775 1.294699338757324
 2.0811433842534082 0.48222765602381584
 0.96292964265844816 1.369992591937512
 -0.33479987615392809 0.86708303498736872
 0.30113151376746816 0.6154121205376496
 0.94112483551275994 0.12011437979396304
 0.070397969600040952 -1.3217639782931323
 1.4734189860569435 -0.0068089022052632156
 1.2360203661245663 0.20622137472169283
 0.59916467035736998 0.50663785095434544
 -1.5563869169939806 -0.91239694675092253
 -1.1960703094282557 0.091319998041778816
 -1.0089402275431774 1.7181535997415422
 1.047621940189704 -0.55142380818024317
 -0.025925692299105928 0.10610577012602822
 1.9011163092422783 0.17759850473323657
 -0.12037848443919928 -0.91752810390587003
 -0.010539007195499472 0.3621284776195009
 -0.22409153631509898 0.21158859937447111
 1.2839205559546631 -2.3770872168943664
 1.0538209201770523 2.2158032291559335
 0.18658676633206331 1.3752682875715132
 -0.50026071486325308 1.2108631295152426
 -0.37538530569172501 0.85755533729706668
 -0.3630249840710783 -0.34227310507276143
 0.68122660532526769 -1.1991492212511268
 1.0138987931812187 -0.46980628735772073
 1.6450308063973793 0.50255893468858726
 1.0382472214357963 1.9106779168467392
 -1.0779429104316887 -1.0020493069685834
 1.0060394653247124 1.8676041082849146
 0.1264514695843634 -1.0522989186723115
 -0.7091746927656668 0.80364874487678928
 -0.2008482523620358 -0.072667639302637782
 -0.14433814626397987 -1.9520070387582276
 0.0019629073184146096 2.4996561538352675
 0.1417203306870945 -1.2065606453440203
 -0.1355036828959201 -0.70741572158151778
 -0.44464975863270978 -0.45093460136966734
 1.2325031085279095 -0.37541947991647689
 1.4470700932092666 0.21287025730193734
 0.54510628132829164 0.32927547262011625
 0.069840673590714872 2.0920668484455027
 1.4221700574795515 1.4217750077845712
 -0.36879722330377351 0.96322348449090578
 -0.30136636360047081 -0.65740095929860309
 0.056775356075792031 1.0742593119773816
 0.99610522021506043 -0.19887265259287795
 -0.10187320879119729 -0.28871741885542612
 0.54922615266031183 0.54588117353195675
 -0.10012667792205271 -1.1953535444554479
 0.22300593262062404 -2.4050896550222491
 -1.9780376128151069 -0.41354620713027923
 1.3967109124290868 -0.84335746457129823
 1.0065560844101757 0.85335205673957681
 -1.0602004669393799 -0.262549095516801
 -2.4748537619732494 1.439598477444735
 1.6568349780648099 -0.52478050263164711
 0.059075275499662031 0.62630145846858543
 0.93386870956978185 0.49037383557019759
 0.59292387471095598 0.39213359205551723
 0.41365008733913983 -0.96928516551969912
 1.1736365915682321 0.060151653945149486
 0.4759973616456929 -0.12657786108122024
 -1.7049728805963462 -0.57716401850416288
 0.67967056745128041 -0.3051762160492299
 -0.34033986480625822 -0.48327786942301643
 0.19392627254649206 -0.31028800241566434
 5.1384545326469677 5.2643737298224433
 4.7799767882517319 5.1440053753883221
 5.3545035944515016 7.8131108939053888
 5.7108576275724046 6.8603497376212053
 7.0004218378764769 6.5678243022007265
 5.4119363121008233 6.0066418148495542
 7.5574834317891568 5.4002131457859219
 4.6386267939643746 7.1752311500948274
 7.9000816151171644 7.1312558585194497
 6.1778592246751636 4.238084963415008
 3.8333903865560388 4.8481639597375086
 6.7068922173525856 5.6317069861641631
 3.7746655344788929 7.4841380368147616
 6.3411991737801259 6.3910965770272119
 8.2512380791114595 7.3076529164509303
 5.8338633032465657 5.4228214340485072
 6.4870229584133812 6.477100296010847
 6.6729690180040668 5.3784761105058161
 5.6250444106511432 4.1248559837316048
 6.8204887882722156 6.3077861968454858
 5.6251261579685217 6.0390454996297818
 6.8784918322255795 5.2382949134628092
 5.0019884350952939 5.4500852254503851
 6.0704606593782406 5.2205593345977945
 5.7094583187710937 6.5204631148797345
 5.2216576933960717 4.9591991385354506
 6.0885562527101706 6.5918648305852221
 4.5263255694769997 5.7083912637620733
 4.3602053584477716 5.7638197829547995
 4.5467192966575567 5.1232209817470524
 5.1966247876551144 5.1631836580878474
 6.8425774990992254 5.3270541999234737
 6.0498421390615107 5.0803049275953605
 7.2479598510601475 5.2935780459436268
 6.987095587387671 5.3579475533440206
 5.5188834876233637 4.4802622786201383
 4.639204778254185 4.2546061364511454
 6.0277173440377227 2.8710933846658362
 5.652191523949905 6.545687916708685
 7.2241252568196295 5.025272247768477
 5.2663506424171063 6.2210101856905862
 7.5795516810411705 5.6057787701418924
 6.2542575089770676 6.8378410529678906
 6.4643922097948527 6.3794042266068498
 5.2849659747328266 7.4795982433385015
 4.9841573228398346 6.2381749387349412
 5.8239719938165448 6.5389828396462404
 6.0212945517025416 5.6212696140449392
 4.5390964768740467 5.0853231339992204
 6.1104456319791112 4.2757747328491478
 5.2313441757109826 4.6287455795214045
 6.4213510933373517 7.7607432124461315
 6.9762619977451479 4.7017538265809984
 4.1090818415236594 6.5120222549739619
 5.2743767709863398 6.0682580414947243
 5.7289342418508102 6.6894243230163211
 3.7484275178328659 5.7762192110270147
 3.4058529197346163 5.7262699826515044
 4.3064740477636416 6.6300526497564265
